0.07652707
0.07652707
0.07652707
0.07652707
0.6013134
0.6013134
0.6013134
0.2707604
0.2707604
0.07652707
0.07652707
0.07652707
0.07652707
0.1505015
0.07652707
0.07652707
0.07652707
0.07652707
0.07652707
0.07652707
0.07652707
0.07652707
0.07652707
0.07652707
0.07652707
0.07652707
0.07652707
0.07652707
0.07652707
0.2205716
0.2205716
0.07652707
0.07652707
0.2408721
0.07652707
0.07652707
0.2278558
0.2278558
0.07652707
0.07652707
0.07746596
0.07746596
0.07746596
0.07746596
0.07746596
0.07746596
0.07652707
0.07652707
0.07652707
0.07652707
0.07652707
0.07652707
0.07652707
0.07652707
0.07652707
0.07652707
0.07652707
0.07652707
0.07652707
0.07652707
0.07652707
0.07652707
0.07652707
0.07652707
0.07652707
0.07652707
0.07652707
0.07652707
0.07652707
0.07652707
0.07652707
0.07652707
0.07652707
0.07652707
0.07652707
0.07652707
0.07652707
0.07652707
0.07652707
0.07652707
0.07652707
0.07652707
0.07652707
0.07652707
0.07652707
0.07652707
0.07652707
0.07652707
0.07652707
0.07652707
0.07652707
0.07652707
0.07652707
0.07652707
0.07652707
0.07652707
0.07652707
0.07652707
0.07652707
0.07652707
0.4204132
0.6983685
0.8534792
0.3913299
0.475378
0.3453733
0.2279602
0.4214419
0.4997169
